8
230
2
1
17
28783
12
2582
10
671
20
653102
11
560
20
53178
12
2668
15
23080
16
9119
10
278
14
12950
15
12868
11
631
7
25
9
277
14
3895
12
3767
19
449647
4
9
16
804
10
943
20
625498
17
12217
11
1099
17
4693
11
1840
19
446340
13
3200
19
245258
10
754
16
47440
4
2
6
55
5
30
15
7073
8
152
10
172
2
3
20
646957
16
38394
16
28894
11
112
12
860
15
31312
1
1
18
121075
6
12
1
1
9
408
2
2
6
38
5
14
12
4054
7
109
3
7
11
1182
9
11
11
654
20
284675
6
36
13
6858
14
5531
20
119868
8
128
18
229793
18
97416
14
5051
7
90
2
1
13
1714
9
47
3
4
8
182
4
9
1
1
5
16
17
55851
8
168
16
51801
16
61755
7
59
16
36373
2
3
8
159
10
612
1
1
11
213
17
107560
2
3
5
22
17
78535
13
4979
5
1
14
690
7
84
11
1847
10
1002
15
7283
3
4
2
2
11
136
8
219
7
126
18
236331
6
39
18
3111
10
970
3
4
12
3284
4
10
14
61
12
1865
14
11497
16
6258
19
378569
5
30
5
27
17
25597
10
607
8
236
9
410
18
15940
2
3
2
1
7
36
12
413
6
25
2
3
9
152
5
19
19
519159
6
29
1
1
4
4
12
1189
5
24
15
20815
14
11268
10
120
15
4562
3
2
18
22960
8
129
18
128565
11
1227
10
893
5
2
20
805299
9
368
2
2
8
109
19
376529
15
31407
14
15625
19
482577
12
1391
8
140
19
152740
3
4
17
7572
5
29
14
14855
17
51488
19
471542
17
5020
7
79
2
2
9
199
15
28393
20
801111
9
207
6
10
7
122
5
3
14
11161
6
25
9
500
15
31075
18
157125
1
1
2
3
6
49
18
45040
6
35
18
180143
11
1193
2
3
9
491
13
7745
3
2
2
1
15
25273
1
1
9
416
16
24154
20
537424
12
6
4
2
8
231
2
1
6
4
11
1410
4
8
19
524029
4
9
8
124
10
614
16
23340
7
86
12
555
5
10
10
994
19
34174
16
29813
12
1202
14
1325
14
1616
3
4
11
244
4
11
16
63838
8
209
19
508242
7
126
3
3
2
2
2
2
9
363
5
1
9
219
13
5824
8
25
11
2047
15
31644
14
7220
20
661986
11
1052
12
1891
17
78321
7
78
20
144619
18
163513
16
42561
8
88
16
56327
18
88640
19
165246
1
1
14
5695
2
3
7
59
14
8090
7
21
12
1318
18
119303
17
1640
11
1159
18
19833
3
4
1
1
20
850422
6
53
4
9
15
18590
15
22180
12
1390
6
2
14
9280
4
13
13
1612
9
24
10
150
7
49
2
1
4
9
20
304587
12
3882
12
3048
20
619045
10
653
8
98
11
1006
12
224
5
14
8
197
13
5744
11
97
19
219965
6
11
8
121
3
6
11
761
19
198435
16
13245
16
44644
17
83052
10
104
11
420
4
6
6
7
17
3604
6
31
18
102265
13
1202
5
22
6
44
14
832
19
353764
3
3
1
1
19
89479
19
367532
1
1
13
3727
20
710580
11
2007
8
243
11
931
15
4389
4
6
6
50
2
1
18
65850
20
520025
16
14930
5
27
6
53
4
6
4
9
11
1269
15
4023
13
7403
4
6
14
12299
17
27924
7
71
4
2
14
3732
16
57486
4
14
1
1
15
27229
15
30117
6
20
20
768280
11
1118
1
1
6
22
15
14108
19
454426
2
3
3
3
8
149
16
45982
17
10465
2
3
18
132743
8
69
9
397
13
6709
13
6004
6
58
18
165075
4
3
13
6728
7
81
13
1282
15
4223
15
16059
16
29143
5
6
9
373
19
55975
18
281
16
4013
7
122
5
20
14
1366
4
11
19
217454
5
18
2
1
13
1585
15
18316
3
6
6
7
14
16306
1
1
6
22
3
2
9
491
18
195518
19
19852
12
133
7
92
1
1
13
1306
20
184547
16
27624
8
109
14
9072
13
191
10
330
11
1469
18
19497
18
5753
13
6949
10
931
13
5893
2
1
3
3
9
319
2
2
12
963
9
316
11
1245
18
37807
13
2278
20
951908
19
274923
18
126924
12
2539
15
17621
18
82465
4
1
15
12326
19
70408
7
42
13
6551
1
1
1
1
9
463
17
61163
2
2
1
1
15
3215
8
177
18
35364
19
131924
15
4426
10
367
7
66
2
1
5
11
16
64405
14
4432
12
132
1
1
18
66039
1
1
15
28323
6
59
14
10232
18
3135
8
109
8
187
7
113
1
1
16
17822
11
1517
5
10
16
30170
20
369430
17
17055
13
1455
20
335941
20
441146
19
509167
15
25199
16
32804
16
8290
4
2
14
7712
7
112
20
1032343
2
1
10
169
5
17
4
8
7
92
3
2
1
1
16
299
1
1
14
9148
2
3
5
8
8
127
13
4725
20
301595
2
1
6
25
7
46
2
2
19
393093
3
7
8
254
18
101229
13
7949
3
2
12
2543
4
7
20
152734
7
59
11
150
8
144
13
2482
10
921
12
702
12
855
17
32511
1
1
17
36137
13
2158
7
62
16
15778
7
30
5
23
18
127204
5
1
5
10
10
1016
1
1
6
29
10
277
14
1076
20
40769
16
20686
7
107
17
72127
7
101
3
3
14
15268
17
70024
17
79431
17
62723
14
14443
18
235029
8
84
2
2
12
2501
13
3505
10
106
11
857
3
6
5
12
8
242
4
7
15
1086
14
5258
3
3
5
29
11
883
15
24357
9
16
18
226994
12
401
7
14
2
1
13
5932
15
1925
16
6614
11
693
13
734
5
27
9
453
9
22
16
14239
19
321629
6
13
9
242
7
42
10
953
2
2
2
3
5
6
17
121606
8
23
13
6046
12
2092
16
7256
6
60
15
5565
6
5
1
1
12
34
3
6
9
335
5
11
6
31
14
3412
3
4
4
12
17
58171
15
16966
11
1913
3
6
15
31111
7
62
2
1
5
25
15
16306
20
679515
18
103785
19
370259
13
1499
15
15848
16
23333
3
3
7
51
19
186398
17
69469
20
496445
13
5950
6
12
4
11
8
57
2
1
15
26519
11
651
8
205
8
74
10
198
14
15148
5
18
18
51565
14
16189
18
218592
3
5
12
2294
6
8
12
2289
14
12120
11
333
20
965748
12
537
5
3
15
26820
14
4357
18
224237
18
259852
14
5881
16
34736
6
41
3
5
2
2
2
3
1
1
17
114254
12
3014
2
3
8
63
18
75100
11
12
1
1
17
99364
13
7372
17
36448
15
6641
1
1
12
2545
7
88
4
2
13
4715
14
2437
16
1760
11
846
20
1009149
10
272
4
12
5
15
10
516
11
643
7
77
13
6907
9
416
20
244472
11
581
18
169169
2
2
3
3
20
665545
14
4998
20
572979
4
10
6
44
7
4
13
6454
6
60
12
1558
19
182031
11
407
8
4
1
1
8
111
8
223
4
9
20
502199
9
338
3
7
18
57731
10
145
17
90103
3
6
7
68
15
3028
18
92920
13
4545
1
1
11
1583
6
3
7
122
5
2
20
187143
12
926
9
85
6
27
18
183387
11
1430
12
3512
11
1210
4
11
6
4
1
1
3
2
20
977144
15
4674
14
14980
1
1
14
4894
16
6620
9
401
5
5
19
521168
12
1035
18
113342
8
142
17
20271
16
42581
14
15892
3
2
12
2241
3
1
6
58
20
442211
16
28654
6
63
15
27507
17
59583
13
1684
5
7
15
28064
13
1597
1
1
1
1
17
49636
7
78
11
1648
14
1093
11
1023
11
1524
14
9653
3
1
12
703
13
5136
13
6723
6
20
8
57
5
23
10
250
20
1032745
15
23145
11
1999
19
237230
11
1770
9
319
6
28
19
422349
15
25017
11
2044
17
42507
2
3
3
1
8
1
16
59461
14
1979
13
2814
16
13967
5
13
17
51197
2
3
17
29830
13
5568
2
1
12
988
7
74
3
6
4
5
20
637774
2
3
3
7
19
186361
3
7
16
3526
9
49
11
1590
19
152040
11
1687
7
49
18
67731
4
4
19
13238
8
4
17
13234
7
118
7
12
20
241924
16
37246
6
8
16
50100
11
683
5
17
8
213
13
295
19
294381
19
78776
5
15
18
82533
15
5064
7
41
4
6
12
3112
8
189
10
176
6
31
6
16
16
12858
11
834
19
521107
6
56
20
239666
10
199
2
2
14
10585
10
201
5
20
12
3150
20
320430
2
3
11
1919
18
4415
15
19962
10
874
15
23925
5
17
1
1
9
263
15
7925
17
5941
6
20
18
242928
4
2
19
476802
2
3
4
3
11
262
20
653367
11
466
9
244
6
34
15
21646
12
3107
14
4515
20
14550
3
4
4
12
7
103
6
54
1
1
4
2
2
3
4
9
16
38746
15
15879
9
468
11
1195
17
33268
15
30503
1
1
12
4030
6
60
1
1
1
1
1
1
13
6009
3
5
6
58
3
1
3
4
19
414395
17
115639
12
1655
16
15840
17
74570
14
14098
14
13427
4
13
3
4
9
439
6
53
15
28841
7
11
19
131125
20
941127
16
22942
17
60639
13
445
9
204
10
405
1
1
17
114876
16
41269
6
19
13
5684
1
1
18
257291
14
2375
8
32
17
25410
13
2340
14
11837
1
1
14
4720
1
1
6
40
2
2
5
29
17
68596
11
485
19
479539
15
5025
2
3
5
21
3
6
15
13816
15
8039
10
291
9
290
12
423
8
54
14
1075
13
6160
14
13957
1
1
11
988
5
29
12
3388
4
3
9
176
5
2
19
240467
5
25
4
11
4
10
12
1487
8
172
18
112221
6
11
20
225749
12
3495
2
1
5
19
13
949
5
29
4
3
6
59
18
86419
2
2
16
18559
18
79254
17
32220
9
156
4
13
8
193
8
13
10
11
2
2
14
15243
19
132192
12
3298
7
8
17
84971
14
5940
12
726
12
2258
14
12610
4
8
12
2435
