[-132050]
251768
168822052
[223115]
562646
643463681
[751216]
843013
-829770784
[444173]
846177
728954078
[114035]
667839
773641441
[314801]
485048
277837271
[121621]
489205
694856188
[-391632]
464589
-24564166
[-640738]
821873
786243746
[-175894]
393058
-368654156
[-955285]
960954
410120606
[320078]
407769
-114429431
[590237]
722837
983171733
[-585469]
638180
191128397
[-361593]
493493
-400658119
[-304035]
930471
-904189522
[-293639]
724602
-14115625
[20377]
406101
645875670
[-81695]
193392
576362754
[150537]
330112
348169512
[249467]
712909
247015921
[672774]
880536
-948734482
[46218]
500077
116405847
[-646329]
704846
-945527884
[-238378]
802060
230067620
[-394029]
701878
-173831801
[-124318]
403971
930220895
[-273196]
998252
731180009
[577989]
943224
253386908
[-30717]
363503
880587879
[-94820]
218357
928108334
[40376]
484539
12468655
[539025]
991243
-86008048
[12620]
827113
65391775
[153325]
425414
188019327
[-221619]
283613
334377710
[-49283]
170732
-450873058
[-79743]
382804
-334427538
[356238]
451682
266586689
[-125398]
235828
702785144
[-7522]
23431
-708238589
[-697334]
784903
285856837
[-665030]
960441
-614738015
[242327]
427164
32808413
[-522059]
931482
813987204
[-488164]
766443
-100259550
[362445]
500951
98406754
[-395100]
838125
903483002
[-278483]
450108
254627566
[-1068]
38601
717430348
