[743,823,606,826,581,598,535,890,549]
5
[521,22,128,474,959,93,637,211,961,945,617,482]
3
[102,908,725,543,52,658,839,102,528,241,921,27,122,664,170,949]
15
[21,198,908,891,987]
2
[152,742,126,80,453,202,398,799,92,250]
4
[959,321,546,779,387,19,641,524,696,429,418,429,446,878]
2
[688,710,66,354,818,702,64,452,456,115,273,213]
6
[692,570,337,17,631,820]
5
[257,894,831,299,852,934]
2
[778,976,532,97,916,209,615]
6
[820,746,518,676,502,58,117,169,440,570,781,558,483,979,59]
8
[834,600,8,970,711,559]
5
[815,272,910,243,721,773,838,889,593,861,120,187]
11
[164,619]
2
[620,815,969,463,590,616,430,2,766,77,520,626,873,501,963]
15
[529,30,545,731,261]
3
[263,328,193,977,143,778]
4
[20,867,462,267,264,877,558]
5
[137,717,965,443,691]
4
[681,912,808,320]
4
[956,76,997,752,763,698,772,563]
2
[947,823,670,290,698,128,573,200,649,251,865,230,235,240]
12
[770,272,473,688,260,845,879,795,941]
4
[244,178,374,973,744]
4
[651,51,709,965,643,635]
2
[354,26,676,759,449,288,941,516,719,678,704,792,616,328,594,306]
2
[493,135,717,364,538,205,932,854,902,558,414,305,755,886,751]
12
[205,680,794,728,533,557,450,338,165,612,540]
8
[725,388,740,52,426,283,851,259,844]
6
[731,67,917,177,179,674,623,741,669,84,723,769]
6
[265,45,935,181,981,222,825,122,91,131,571,578,893,49,6]
11
[467,126,494]
3
[493,882,700,931,270,74,157,911,921,990,839,770,994,394]
8
[69,391,262,823,140]
4
[579,541,375,686,769,584]
2
[164,191,990]
3
[989,840,753,547,197,507,614,518,843]
5
[876,643,725,216,640,988,113,629,821,1,424,933,326,463,86]
4
[765,716,810,993,655,558,317,561,789,609,365,423,707,482,786]
2
[882,386,295,628,811,424,919,820,762,978,630,382,423,686]
9
[435,892,372,389]
4
[232,914,83,945,243,940,153,819,718,933,957,433]
9
[234,46,750,358,154,928,964,787,404,471,497,174]
11
[101,267,366,581,676,962,963,805,772,534,354,462,889]
7
[151,736,351,856,212,189,643,625,589]
4
[624,17,427,837,523]
3
[355,602,973,79,648,272,338,447]
3
[619,607,461,5,348,952,212,776]
6
[364,396,542,308,283]
2
[920,779,958,522,483,11,840,416,39]
8
[557,196,654,856,279]
5
[821,744,527,719,757,615,97,9,912]
4
[760,569,956,702,391,57,162,82,502,150,137,187,125,476]
5
[240,692,514,91,688,169,17,302,969,623,490,416]
9
[483,10,53,120,463,109,564,83,971,989,92,356,244,520,722]
13
[748,325,832,255]
4
[928,980,306,889,211,142,969]
7
[679,752,333,676,170,460,886,55,142,992,674,21,925,519]
8
[508,35,157,412,441,770]
4
[664,5,477,912]
4
[46,608,188,292,10,920,862,540,869,465,86,451]
10
[186,7,858,916,210,382,282,689,237]
5
[474,855]
2
[398,631,664]
3
[616,819,231,280,376,866]
6
[158,629,618,351,523,859,80]
3
[683,705,968,633,514,777,404,748]
2
[680,408,424,469,730,226,706,504,735]
6
[989,622,870,756,422,40,735,817,46,107,822,576]
4
[434,437,941,633,466,428,128,631,558,283,839,390,785,654,895,451]
13
[608,465]
2
[846,39,296,501,640,76,876]
2
[163,690,683,863]
2
[687,151,742]
2
[493,968,395,480,998,715,205,822]
8
[179,475,592,36,853,901,198,544,937]
8
[245,572,359,570,554]
5
[964,6,291,412,178,572]
4
[714,220,573,687,382,765,610,76,714,10,573,27,901]
4
[793,974,478,136,799]
5
[270,904,929,99,230,943,878,427,142,931]
10
[129,284,276,635]
4
[696,925,374,543,561,413,609,530,333,684,833]
2
[405,173,643]
3
[54,419,690,663,618,789,203,574,381,997,874]
2
[909,328]
2
[798,938,355,714,747,775,985,530,16,523,481]
8
[44,17,734,892,195,268,921,505,753]
5
[735,548]
2
[234,891,688,197,202,606,467,557,442,180,476,445,254]
11
[162,397,478,991,438,552,210,477,278,615,164,980,771,131]
10
[158,834,336,643,133,154,8,22,688,189,958]
3
[857,173,221,931,362,659,723,305,910,578]
9
[309,507,322,475,666,946,825,198,733,611,966]
5
[401,467]
2
[754,174,287,133,462,904,490,245,165,268,17,309]
8
[832,965,901,662,21,234,8,2,369,983,303,248,226,854,763]
7
[179,55,424,474,995,274,547,441,175,573,732,754]
10
[127,992,691,968,461,578,904,919,807,749,279,374]
12
[901,147,332,239,4,436,651,729,916,281,623,13,696,43,452,89]
7
[285,987,832,553,585,975,630,665,207,242,63,671,144,163,893]
11
[558,791,695,640,50,980,89]
5
[27,641,564,308,491,637,565,434,647,78,184,893]
3
[309,501,852,820,725,757,762,579,722,858,710,890,967,930]
7
[852,150,297,314,261]
3
[812,97,770]
2
[413,662,563,771,443]
3
[188,183,936,685,145,108,734,8,423,479,216,113,174,982]
11
[964,163,313,992,626,373,79,943,530,431,202]
7
[327,959,425,803,832,902,250]
6
[601,275,770,125]
2
[86,769,588,500,790,153,315,385,380,437,170,445,505,763]
5
[684,883,918,252,869,869,405,122,426,870,482,13,473,983,548,760]
8
[904,828,738,814,185,67,518,360,362,247]
4
[217,125,314,336,186,40,565,192,499]
9
[430,38]
2
[902,640,727,361,578,752,13,483,184,705,223,384,829]
7
[294,656,84]
2
[25,147,676,881,151,433,941,4,255,200,230,494,130,225,704]
10
[544,460,239,680]
4
[787,830]
2
[54,9,882,451,849,279,253,13,39,571,930,823,657,504,95]
4
[657,446]
2
[295,616,474,457,511,907,249,571,879,334,276]
4
[344,688,881,348,120,263,792,561,403]
5
[335,734,977,13,47,852,676,428,446,607,900]
5
[456,139,181]
2
[962,81,538,682,224,445,980,974,40,687,57,223]
11
[973,26,544,757,743,865,200,975,210,469,613,612,891,784,974]
13
[273,835,60,624,738,961,149]
5
[21,838,719,599,548,261,828,975,167]
5
[653,993,115,993,307,312,999]
2
[695,422,535]
3
[814,139,365,801,481,338]
6
[24,655,621,16,537,716,497,948,821,927,221,694,4]
13
[45,221,447,537]
2
[355,651,682,538,116,973,319,379,564,729,967,485]
2
[409,251,449,739]
2
[963,367,341,303,184]
2
[368,830,781,60,820,630,668,421,520,317,95,570,326,435]
8
[626,713,838,894,35]
5
[126,753,915,468,299,947,977]
4
[878,362,493,439,643,644,879,180,168,30]
5
[945,774,240,625,32,700]
2
[548,425,388,132,258,704]
4
[257,533,911,127]
4
[876,631,561,879,356,281]
5
[942,720,793,483,943,705,772]
6
[945,25,468,717,972,106,447,48,591,545,744,147,617]
9
[608,280,786,935,886,354]
3
[157,124,716,669,485,727,569,722,646,807,614,429,781]
12
[29,213,968,346,717,183,714,845,629]
3
[552,545,347,848,876,374,379,651,685]
6
[847,944,783,904,854,176,161,265,266]
9
[342,401,938,327,169,135,435,300]
4
[682,455,4,956,880,825]
6
[12,429,501,597,473,166,480,474,530,691]
3
[576,453,783,206,470,278]
3
[129,203,864,765,60,451,346,38,684]
5
[203,345,587,491,267,389,729,557,521,217,685,784,755,667,766,608]
14
[267,437,429,643,682,862,649,130,845,6,102]
2
[438,754,839,643,11,288,363,293,399,806]
5
[136,461,1,709,448,531,574,805,388,656,126,904,862]
10
[127,800,733,368,902,377,728,518,592,755]
2
[294,675,923,438,420,264,625,863,683,10,583]
11
[211,745,804,798,418,264,365,707,408,784,347,55]
11
[450,372,996,991,717,500,154,324,133,487,654,623]
3
[989,480,194,473,406,656,18,743]
4
[212,462,747,763,29,720,681,850,809,200,924,51]
7
[860,836,402,795,79,932,739,928,633,271]
2
[405,784,797,704,539,678,667,29,618,682,58,222,625]
9
[628,615,367,820,278,531]
2
[236,760,304,984,110,941,256,349,826,643,843,302,294,132]
2
[517,676,794,923,57,199,990,19,335,548,894]
5
[92,580,153,475,989,571,493,391,576,732,920,272,53,982,585]
13
[784,895,535,312,52,239,908,973,701,94,919,519,898,579,587]
5
[571,205,161,601,338,849,660,213,560,498,601,478,207]
8
[94,848,931,43,756,753,454,857,103,861]
3
[110,226,264,84,701,179,209,456,927,247]
4
[328,277,422]
3
[271,370,283,381]
4
[486,72,502,238,658,626,873,164,921,174,346,657]
4
[435,264,613,879,415,993,273,912,399]
3
[415,945,617]
2
[896,985,480,396]
3
[998,614,654,191,289,105,900,670,623,127]
9
[880,73,18,625,101,291,142,416,486,747]
3
[15,945,405,506,378,564,970,33]
6
[350,899,266,996,95,958,135,295,226]
9
[612,605,148,419,471]
4
[441,442,544,478,768,423,706,509,436]
9
[778,568,275,827,601,464,674,620]
2
[53,626,926,673]
4
[543,26,21,514,183,808]
4
[573,172,263,880]
3
[355,393,287,923,22,78,33,231,254,221,741,555,951,389,402,658]
14
[468,505]
2
[503,750,25,353,604,367,11,501,423,935,846]
10
[616,761,894,59,758,776]
5
[227,679,137,975,727,882,762]
2
[488,525,304,478,727,164,804,744,116,223,639,57,343]
8
[820,58,456,146,956,651,813,288,288,829,732]
11
[425,194,157,295,685,684,453,543,191,255,455,336,413,284,807]
5
[519,743,599,183]
3
[802,802,167,937,199,13,91,115,725]
9
[992,264,61,382,325]
2
[293,671,76,341,278,861,903,374,433,680,484,647,820,388,620]
5
[373,234,575,321,130,488,297,614]
4
[695,470,26,200,578,217,116,12,331]
8
[582,117,95,466,128,170,66,999,204]
5
[320,395,97,522,363,922]
3
[48,662,154,643,698,229,331,697,656,106,149,383,127,936]
3
[359,432,690,990,132,718]
6
[419,550,897,721,597,325,38,328,666,193,285,472,49,763,688,375]
8
[890,488,59]
2
[113,366,918,364,986,521,727,953,493,991,57,959,717,787,923,332]
5
[301,856,85,226,156,444]
3
[761,735,226,867,782,542,411,164]
7
[399,695,156,564,479,790]
2
[680,775,433,772,487,705,947,145,482,278,554,229,115,188,304]
4
[929,628,654,529,259,610,881,685,783]
7
[209,845,127,338,433,852]
4
[734,588,931]
2
[908,540,715,587,779,454,292,334,401,935,530]
9
[389,591,984,65,921,700,554,414,496,14,634,472,476,27]
5
[130,326,948,109,255,206,605,285,482,303,74]
11
[593,746]
2
[759,356,687]
3
[60,316,906]
3
[564,680,51,566,690]
3
[249,201,828,867,862,808,119]
3
[753,319,359,637,274,430,696]
7
[962,210,350,947,746,384,37,569,453,993,595,24,800,190,828]
7
[719,414,562,117,487,15,154,380,685,389]
6
[921,574,941,796,445]
5
[498,508,666,282,908,619,155,898,91,397]
10
[92,980,284,256,450,290]
5
[749,851,714,439]
2
[493,149,234,97,910,7,780,590,895,125,242,360,258]
12
[253,205,147,684,284,595,72,22,316,743,33,216,738]
4
[115,366,892,705,585,253,72,477,222,72]
2
[146,1,957,314,426,48,145,863,629,543,428,302]
8
[875,160,519,187,662,693,481,741,452,939,737,882,773]
3
[170,154,178,951,116,479,954,481]
4
[682,899,682,327,293,82,613,645,736,22,891,378,275]
11
[647,756,108,138,41,597,818,927,576,285]
9
[798,327,904,5,668,124,620,586,847,200,593]
9
[389,544,252,140,483,663,831,200,337,201,756,849]
10
[726,430,608,857,345]
2
[954,198,334,604,976,218,83]
4
[838,986,928,860,125,285,782,210,380,655,537]
6
[990,580,537,547,139,495,692,561,831,250,84,545,584,533,956]
11
[856,974]
2
[222,740,292,495,878,213,453,112,339,97,983]
11
[444,25,640,230,247,746,323,927,961,162,182]
9
[169,641,730,670,333,341,382]
5
[67,431,563,78,558,8,789,668,853,418]
6
[184,118,526]
2
[128,629,794,150,851,620,988,524,874,561,843,977,148,97]
13
[512,518,928,676,994,879]
6
[657,289]
2
[671,643,790,695,879,472,69,606,58,956,686,581,79]
12
[534,598,558,18,987,955,228,411,365,63,660,296]
9
[361,946,998,498,88,577,281,17,523,36,571,142,176,725]
6
[519,148,551,272,245,339,709,933,793]
8
[826,760,145,355,216,27,889,25,828]
7
[228,203,655,430,531,647,680,373,504,504,421,105]
6
[791,794,614,311,256,996,386,808,44,361,344,217,273,777]
8
[877,239,233,565,698,54,706,766,824]
9
[668,801,161,226,451]
4
[376,151]
2
[667,435]
2
[494,879,118,75,233,914,326,626,305,472,980,149,133,617,703,812]
4
[898,66]
2
[304,582,142,558,245,186,848,895,377,341,624,672,920,286,690,413]
4
[772,290,758,218,447,221,926,729,933,999,928,718]
7
[359,963,83,311]
4
[782,254,92,890,422,581,323,757,300,466,909,819,234,128,124,966]
10
[326,853]
2
[838,8,327,940,971,785,723,354,360]
9
[775,986,696,364,727,140,555,521,620]
6
[704,484]
2
[430,665,719,520,518,354,736,24,446,208,342,835,841,798]
12
[963,304,51,85,538,541,687,762,131,35,915]
10
[955,856,842,717,853,33]
2
[19,132,726,65,44]
3
[989,805,915,233,878,8]
2
[268,973,132,268,689,819,140,908,110]
7
[627,789,329,61,171,427,207,621,52,178,319,434,831]
10
[239,892,11,91,52,167,154,250,903,472,682,65,697]
2
[105,874,716,706,858,328,249,128,217,362,511,296,867,312,36,578]
16
[862,449]
2
[468,163,438,526,405,637,518]
6
[156,45,283,783,558,346,444]
2
[616,757,444,677,311,954,907,347,924,366,625,481,782,369,710]
8
[577,587]
2
[226,421,616,865,83]
2
[223,631,54,306,133,74,762,157,501,286,235,697,349,538,183]
11
[961,594,301,474,291,474,618,657,492,707]
7
[977,453,251,714,517,596,384,796,922,119,514,289,130,904,93]
6
[140,922,379,454,526,154,586,836,242,926,305,516]
2
[105,273,191,852,598,788]
4
[617,184,139,17,681,580,228,333,307,367]
10
[819,40,49,773,226,197,881,606,12]
8
[204,571,9,218,293,676,460,925,392]
7
[601,68,706,977,445,409,615,286,535,663,151,841,414,154,339,63]
13
[398,160,663,378]
2
[256,82]
2
[323,697,660,240,845]
5
[714,699,372,699,834,510,528,98,360,684,531,856,635,311]
5
[35,813,364,595,267,527,126,867,107,459,138,889,76]
12
[635,186,612,581,389,133,907,561,385,817,568,144]
4
[635,915,147,829,866,16,118,938,358,443,793,818]
12
[748,962,796,48,232,131,725]
4
[598,469,73,834,605,753,716,215,408,536,499,560,738,478,709,601]
16
[843,235,255,739,950]
3
[447,653,261,131,182,586,443,310,691,688]
6
[899,742]
2
[211,294,28,609,104]
3
[411,587,33,3,935,750,750,622,222,53,831,248,587,974]
14
[199,933,492,119,984,984,918,973,637,408,782,36,600,559,215,959]
3
[150,934,678,681,982]
2
[765,422,280,875,459]
3
[211,711,375,278,225,787,702,566,165,649,381,576,399,75]
14
[986,154,890,952,656,619,552]
6
[116,220,162,602,557,313,702,175,935,876,819,87,320,919,109]
2
[587,256,768,650,80,275,363,731,301,940,73,544,515,405]
11
[667,333,184,877,630,884,862,171,225,347,160,681,950,438]
9
[518,495,511,187,782]
3
[53,883,356,831,565,15,187,44,171,301,583,693,178]
7
[651,348,177,406]
2
[255,323,256,586,616,845,433,32,95]
2
[805,447,400,67,945,827,940,192,486,200,395,852,917]
7
[944,375,439,328,97,971]
2
[895,564,460,300,229,233,802,788,803,970,491,589]
9
[139,250,430,960]
2
[473,426,291,806,565,326,544]
3
[122,280,768,779,504,862,292,305,248,136,699,752,752]
2
[397,538,179,537,411,488,298,811,832,672,427,501,712,87]
4
[554,133,932,120,501,929,153,682]
2
[454,709,180,306,218]
2
[626,567,656,985,706,767,362,752,478]
4
[335,13,626,921,893,64,8,974,575,814,494,471,447,608,589]
4
[390,448,892,303,340,822,383,244,235,633,987,122,298,61,895,839]
4
[846,10,663,847,996]
4
[265,389,190,513,689]
3
[398,237,766]
2
[613,197]
2
[635,488,115,717,306,989,116]
6
[108,601,418,571,720,495,479,933,4,386,333,158,211,162,480]
13
[574,687,203,547,85]
2
[240,877,963,397,995,665,832,324,245,384,727,466,146,323,600]
7
[994,437,127]
2
[15,864]
2
[941,344,459,370,691,830,865,988,494,766,110]
7
[677,761,764,574,712,383,780,473,518,913]
2
[149,848,561,688,324,145]
3
[421,483,908,790,126,101]
6
[592,816,881,795,911,595,498]
2
[338,262,976,815,991]
2
[66,132,628,595,875,283,55,61,741,558,510,91,818,421,539,59]
11
[471,804,370,156,919,791,886,437,644,436,962,792,746,722,100,808]
3
[972,871,992,131]
3
[499,862,790,988]
3
[142,294,435,90,708]
2
[772,425,624,668,984,244,639,130,316,92,34,214]
5
[614,770,239,752,593,839,766,249,569,123,783,744,619,290,190,17]
10
[945,183,351,963]
4
[6,902,747,976,494,920,964,374,771,976,177,541,157,850]
8
[211,859,496,576]
2
[962,242,856,252,682,928,547,161,60,309]
3
[575,432]
2
[210,340,46,108,918,761]
3
[812,83,262,774,350,789,314,995]
8
[284,534,414,968,971,675,222,531,885,176,486,751,383]
7
[673,274,437,236,400,562,846,925,52,244,652,630]
3
[992,433,363,147,510,537,51,370,312,808,921]
3
[444,297,346,278,759,441,959,856,3,468,844,943,220,855,872,112]
11
[539,178,714,594,443,868,891,226,301,297,356,496,642,6]
6
[726,669,200,711,391,229,141,32,439,903,983,106,458,285]
12
[927,397,119,922,613,290,365]
7
[195,54,594,523,633,685,465,206,760,48,436,199,635]
9
[257,208,951,752,318,150,69,276,491,72]
3
[790,727,380,274]
2
[893,333,394,519,449,585,852,383,338,81]
4
[403,854,743]
3
[579,462,12,748,919,524,70]
4
[123,87,782,548,422,330,460,280,991]
6
[132,960,414,333,810,582,478,131,141,738,857,581,341]
5
[973,585]
2
[483,594]
2
[472,547,932,838,771,932,663,43,943,770,700,683,135,90,592]
7
[941,780,452,909,208,707,447]
4
[674,922,591,724,209,850,428,466,891,55,626]
3
[114,547,453,15]
2
[683,166,22,209,909,767,556,650,597,742,429,836,2,642]
11
[363,56,872,830,703]
3
[434,718,919,99,981,800]
3
[712,415,641,595,985,561,502,305,967,536,349,326]
5
[221,194,5,254,765,275]
3
[201,810,21]
2
[338,85,301,763,23,804,320,639,776,189,821,525,532]
11
[849,971,997,402,254,770]
3
[933,130,708]
3
[160,372]
2
[424,918,459,30,218,881,389,59]
3
[543,431,579,332,34,623,734,123,663,733,782]
5
[913,239,123,455,156]
2
[217,400,344,525,135,934,482,783]
3
[734,104,38,999,701,860,235,799,749,39]
4
[386,429]
2
[756,176,942,839,250,881]
2
[167,877,115,733,488,651,284,618,509,754,188,889,887,371,514]
2
[173,745,726,664,177,11,392,782,139,734,973]
9
[519,944,976,840,542]
2
[647,410,447,643,343,338,19,528,808,346,364,202,270,340,530,626]
2
[531,160,535,131,852,308,691,979,160,456,315,385,781,432,578,713]
5
[478,687,295,264,546]
2
[252,260,937]
3
[23,227,369,634,794,611,613,473,716]
3
[656,665,414,635,831,492,877]
5
[612,768]
2
[829,630]
2
[586,412,535,562,646,686]
4
[781,87,804,727,765]
2
[81,150,683,237,330,424,986,723,711,521,540,746,465,448,880]
13
[198,947,516,286,767,12,697,213,112,676,112]
3
[672,28,283,363,71,91,981,208,973,803,474,26,875]
5
[639,901,969]
2
[559,500,509,69,139,381,967,971]
3
[863,324,106,481,786,167,676]
4
[77,382,898,723,457,738,691]
2
[137,695,438]
2
[405,886,579,861,425,397,984,372,405,948,122,99,473,693]
11
[32,337,188,440,974]
5
[207,80,334,315,305,532,53,449,947,355,605,505]
11
[875,923,418,275,651,555,945,516,971,144,515,471,762]
13
[938,761,300,617,672]
3
[692,258,389,57,679,139,36,755,558,490,815,149,729,869]
4
[403,485,855,142,815,560,328,496,841,802,875,708]
3
[212,300,905,296,43,647,402,565,862,226,388]
11
[669,422]
2
[604,23,423,987,109,525,300,506,811,789,820,233,17,130]
4
[684,153,908,417,63,959,240,436]
2
[696,537,138,234]
3
[873,984,821,84,409,949,197,269,968,300,951,604]
7
[307,53,560,545,126,790,536,887,932,247,640,120]
12
[691,746]
2
[279,695,19,85,831,936,562,346,433,30,498,367,208,752,666]
2
[36,749,78,817,925,481,12]
2
[948,766,539,599,506,170,700]
4
[177,290,98,770,904,142,409]
2
[655,472,811,243,191,763,915,85,366,693,581,929,619,938,906,77]
12
[711,495,117,58,326,598,322,774]
4
[311,255,104]
2
[546,10,194,94,935,163]
6
[695,103,104,575,538,496,718,371,930,411,679,631]
10
[442,853,740,735]
2
[940,702,728,15,487,786,746,656,589,646]
7
[98,470,612,401,47,342,370]
5
[797,112,406,205,548]
2
[848,260,571,192]
2
[240,720,638,214,643,370,677,104]
2
[319,145,951,432,111,402,343,123,446,594,482]
3
[939,719,744,163,748,442,55,331]
4
[588,130,552,336,92,432,20,42,363,976,349,799,445]
11
[370,381,428,160,212,310,4,326,603,782,395,338,104]
10
[364,999,80,857,87,248,215,773,97,717,805,351,742,80,389]
5
[952,457,974,605,989,861,372,168,930,637,377,685,227,203,376,698]
7
[663,112,2,833,995,733,405,524,236]
4
[9,549,500,964,200,350,599,251,6,882,792,235,973,777]
9
[230,140,276,940,93,166,83,508,896,916,598,516]
4
[527,627]
2
[739,508,205,78,599,956,936,362,754]
5
[993,518,802,996]
4
[150,18,365,74,634,223,450,568,572,13,388,447,170,436]
4
[577,548,435]
2
[62,884,672,425,898,201,611,167]
5
[212,867,956,749,877]
5
[642,59,70,888,326,254,28,140]
8
[768,131,477,861,69,240,927,779,58,388,972,558,425]
6
[271,714,686,631,550]
5
[114,652,261,102,288,11,946,906,923,590]
6
[462,562,429,563,668,753,688]
5
[30,343,162,514,571,102,892,712,478]
5
[117,796,371]
2
[820,943,487,929,411,335,288,838,558,544,800,175]
7
[408,687,182,706,69,49,857]
4
[890,891]
2
[335,804,86,644,523,630,5,98,560,734,194,540,45,780,962,64]
10
[887,799,336,445,325,63,960,390,860,145,936,359,227,234,513,551]
12
[8,79,256,770,237,72,558,177]
8
[517,195,467,854,661,258,344,18,351,221]
4
[601,644,704]
2
[392,601,732,465,609,532,245,927,588,306,710,36,134,460,873,465]
10
[102,744]
2
[50,912,555,35,390,61]
5
[111,798,97,768,188,871,674,537,365]
7
[615,216,357,460,27,829,425,571,339,481,407,836]
7
[821,906,734,125,232,19,312,276,593,180,400,529,553]
9