427324957
866682500
145012318
489018814
314586456
307425365
553136025
372646264
673520653
100101003
926757825
984053153
176002116
881979242
312728695
377347577
779270572
382279317
44831076
46540489
642532172
440182077
270577455
483901632
65510453
959188336
469571208
323757543
503154474
285971875
376580114
638751784
805604758
248735026
95318680
956827981
559827674
770242373
385329902
592744749
422396734
155101505
155427619
158109549
476330920
509784018
194865642
512323231
867702928
41280198
943843970
360706053
374278877
111044382
982024271
908121425
813505828
448411404
784881812
560725550
79129510
470192985
29619545
270591662
100512301
896416497
672569832
646637542
477302501
148058379
162175739
737484582
900800180
974884816
453244426
944202645
63772767
32157878
282213254
938819021
208345679
72472665
587481226
763482135
163712906
257391599
918047581
762196295
289635876
76764043
326663511
3203070
436084620
372171332
809091563
324717405
471486812
606441172
840356924
817464604
118978234
463105494
951354206
655962875
743403797
396077772
848454
486857220
452372433
720378447
77900654
893221368
439181253
518575032
276426692
555888714
793812272
114248124
28852699
548216662
965330551
722314728
46108083
796505187
221718103
28603734
137942391
172600032
795927654
558784730
63565584
982185730
87470750
962742764
505935538
553226641
665150904
417518125
711602850
845581539
617355812
229082851
447341854
260026650
309127162
256078003
877918864
42360044
994274380
760372081
12479785
775579103
686456903
188737930
339707880
35691087
48525911
838556561
71302594
650676678
868582499
915521018
7899246
174181066
817721788
462616071
601541497
702128145
635698101
357870300
867211572
226108340
560291154
631676204
527426561
225205527
489409712
720752235
65479507
721257645
640393937
260607550
2168933
414126345
379805062
282412680
422103014
603048933
318315175
518408295
115654899
440363971
235454988
16712100
790878846
528469808
155364376
118097923
13653134
491251849
281310812
631049170
112769515
697239808
834771587
113884271
844911871
199299507
646368817
827453196
384683560
272879325
684006799
290165380
340160463
678151730
571293523
886049890
681387546
539185899
269252188
261889498
657402108
318315009
425522615
210361832
31334167
224734572
43234666
446446915
693127514
944743704
827717803
785598176
595295240
614729119
996869546
715466953
937794195
648971170
699336370
603384122
152673596
18996016
57367586
834784896
155654032
852638036
39785060
979561088
150511498
40109542
316035254
924296029
794189353
636068720
213085002
161458760
628403372
215407061
562318582
814172490
476885802
911337882
272626785
989840336
88642285
596824769
468935981
65179939
756167914
102834111
621231348
367178838
124137543
853823490
708225863
963833060
262962534
655823768
653483884
667911108
175935615
882843689
279590020
795525331
987945050
481987241
169399424
365910069
256082927
141060727
256343137
778368987
718344772
879522034
903059932
549265761
713724549
250484276
363292359
391805078
487162876
436451028
58972109
207394905
283402552
997261179
401171543
516686862
549152505
487451378
500087842
682842954
894623717
438102444
849272619
952153534
241900471
491818822
670315020
740076430
851805150
23610727
361291850
208766800
251607710
647252808
245399364
141948731
36643256
605078538
803687786
896215231
894077
947190668
567130904
43538118
246647280
3028659
244077090
299681979
205549300
171671960
93549120
161905512
239801438
274719912
866395178
656789484
123114392
398392769
447244011
580956464
308204571
670226298
58224825
190944447
725184096
901406079
582465019
330082290
717708184
589733904
544343706
396906523
455557999
584332494
67872943
88223944
830509099
449448416
613376690
862513539
714140137
518561689
191244867
14435856
494867838
112500294
707396874
210692788
16627863
569359326
115503137
153289153
981866434
624516553
771963114
334715972
237715359
808719614
350357659
624183239
876754545
206407415
608806930
869139409
741525699
434997757
920789719
292109784
17984560
977378213
727828397
216062061
480761806
620356648
960960052
380095603
259721641
925053244
441451214
509087249
737697005
578235313
257677937
733415904
854701529
89583328
809957123
4895093
966758955
227077328
338056458
195480940
635564672
694711656
925345299
884248729
716015822
601690922
705857248
701083652
26464693
900331214
202978983
102335480
373835934
822351528
83529192
216030483
337701931
467886862
609962655
219561907
113293575
989401666
49401632
529085481
602369494
585650867
851081094
225801595
488290106
352636311
165592843
417302818
776828522
429202453
70612809
841625953
269880962
616043673
200232849
330159858
706227202
521302393
814583179
893833183
444111621
716909622
97580761
821238164
520679302
529380079
211631155
392084061
981962187
568222356
800664500
165315470
276364260
204790796
6511085
667890533
587596266
55708821
95300605
200194954
676849041
270937394
492297675
916144084
442754074
807952834
283986851
634396430
611215097
94467755
666993767
688012559
867378098
486616187
560421066
141954451
699574387
620580348
334223681
147164280
720005533
611001572
902771819
380402752
332071505
339893601
340307603
106091262
362839807
763616843
457740295
840472866
588554572
726365648
991039056
438005693
376068598
24677156
236002158
143594764
346832270
26795179
657327338
921711217
125642949
152243679
93925023
972381197
732684299
467525248
956249404
863266199
130876475
388602307
452259048
126097575
746272855
580982707
383045897
277339800
767107964
843467105
312706103
711008081
431238870
514471349
962945433
14779266
444907279
961698245
398291137
312022497
960157753
825406246
150927873
914388824
974745572
180208462
293091834
987733827
289088339
352710362
813619462
641663705
578159181
187158848
254882827
988936564
117393822
901705025
451979322
257880093
168100274
708828686
700485412
632546971
59489462
313848627
713640632
643388326
129499758
490139968
588281276
747295373
438109523
587528915
393157801
674572373
312139846
805422114
8891983
84618286
61626274
295744561
347723192
626892605
964061356
942443904
273227162
244155329
891578490
905841232
225407793
823419523
699458155
634528858
685928691
911182383
608157505
290050177
411573676
138465957
175247023
332748137
415577296
186171339
901753852
343421953
767401547
32342115
342271935
961462478
401769604
792542520
282315212
84275839
817989418
273940882
16178519
709358673
613404205
17193746
191730979
506177820
711510150
49947287
823120301
460933236
137700274
427830490
256527955
454065568
508139199
673900592
919516111
104884995
148199947
809156205
837494402
424908881
22976263
53276043
312995478
70084178
294717222
462159222
406558915
33909230
625283473
629892993
123912285
667132876
922455574
148585547
661743674
827165999
50288685
967272461
339260403
758611796
370459438
545743632
627382155
453794518
729875590
622985182
103121000
615430092
934660691
40787597
662022721
94520164
519374128
171960449
698030066
819207230
903209878
140502488
333357007
306017658
491913527
249624596
799074728
926282713
38346204
137537225
418404705
398674342
264635446
671926984
275042704
102799088
942196875
330327114
576720266
866410049
400383478
245632331
935956703
999020742
561630231
481821550
376217853
364888867
735407745
804513707
385388301
190495702
590351498
918846356
744602257
122621334
83405393
483399915
806002846
400153875
677143614
425612392
448002446
834230237
14542895
83981223
566980594
932945744
621454853
607625109
918371721
917123982
149344015
695502606
572514889
126926860
410540535
234366319
792579593
787605134
231935151
436119135
862028785
531112824
667052633
47360393
927985418
953001289
798568827
629808694
774617775
152574770
872201309
505718951
849262096
13237379
261027634
100376831
98309045
438823847
132282261
959132110
256106618
918342868
626538053
354106798
641502329
210738345
321090702
335452819
219309003
117258867
654880046
94842232
543469842
50770964
492483591
6971169
968096063
937228886
795951854
626864186
201385272
866003245
924330995
796447098
508986696
249354027
608806445
164713750
200425471
229745140
805095753
294599379
110557745
413042095
723695223
217462730
794440755
704963491
13363636
217946871
410418402
857897713
132952313
844752136
850693138
825672429
468153310
908244091
320106797
667971445
664776058
607698171
797680942
109120033
381226764
776033241
110815405
812273080
543103900
762578121
203954335
151710069
691285965
141233253
118816810
502903298
206603698
268634438
683988655
107272047
240440930
314563584
895586323
548852041
441599491
521392051
928353033
502436732
21129673
158520363
797940283
900476799
550346230
30454766
572168434
769709926
892046993
257536025
290184306
755241777
88624372
14806477
425616140
92545537
384819539
467846649
422018568
477510791
720366839
275985865
588268339
292590864
618698253
612106541
512639532
138952906
468055130
941838531
192609757
149482765
381093954
207284324
528421384
369978455
654544696
626724424
992778955
214074711
713744632
815437046
241862508
482053817
185793800
21661250
642382964
345628653
822579120
556371156
556182187
72977108
225892054
887876419
686629296
79046813
147219389
566257587
398815614
173290320
516300454
338862386
31040513
738318841
79631433
640672044
264303159
632567140
362084208
265274376
701499467
62216694
461119713
84121645
234339916
617998623
505924064
857770416
50518799
233355644
268386700
875846639
646177425
802229452
825795383
456313342
42216985
88953403
10556264
344531389
558012936
811649598
355887964
588869747
552359924
359341203
740454703
324457750
959374692
660173202
730059849
942055188
30196968
344559658
901782916
281328563
834922049
561887609
290926796
315592499
99813142
617943731
438179326
459474347
744671173
464061227
114473169
80025673
223694124
258653399
265652001
204939977
670293851
115850944
789862204
155830544
830591541
443704154
418040396
193191818
761260177
10763183
139549026
505587640
925466742
469708320
706394171
16054
612405414
95711122
996720990
373779611
663505120
402618694
